     0/299     1.03G    0.0724   0.02297   0.03937    0.1347        42       640    0.5346    0.4254      0.34    0.1568   0.05793   0.01469   0.03086
     1/299     9.19G   0.05376   0.01823   0.01932   0.09131        43       640    0.3083    0.4001    0.2367    0.1002   0.05709   0.01451   0.03951
     2/299     10.1G   0.04937   0.01731   0.01443   0.08112        47       640    0.2533    0.3478    0.1358   0.05516   0.06145   0.01846   0.07739
     3/299     10.1G   0.04695   0.01717   0.01425   0.07837        33       640    0.2264    0.3406    0.1429   0.06267   0.05416   0.01863   0.07811
     4/299     10.1G   0.04529    0.0172   0.01305   0.07553        35       640    0.2772    0.3384    0.1572   0.08023    0.0522   0.02331   0.09125
     5/299     10.1G   0.04447   0.01696    0.0119   0.07333        34       640    0.3151    0.4071    0.2556    0.1286   0.04759   0.01793   0.06136
     6/299     10.1G   0.04397     0.017   0.01151   0.07248        50       640    0.4589    0.5284    0.4419     0.241   0.04573    0.0139   0.02383
     7/299     10.1G   0.04344   0.01681   0.01124   0.07149        48       640    0.4695     0.507    0.4218    0.2296    0.0439   0.01463   0.02438
     8/299     10.1G   0.04322   0.01677   0.01112   0.07111        39       640    0.4818    0.5647    0.4863    0.2765   0.04268   0.01353   0.01596
     9/299     10.1G   0.04283    0.0167   0.01037    0.0699        45       640    0.5345    0.5804    0.5351    0.3113   0.04117   0.01279   0.01206
    10/299     10.1G   0.04259   0.01667  0.009951    0.0692        30       640    0.5484    0.5817    0.5467    0.3194   0.04108   0.01288   0.01279
    11/299     10.1G   0.04234   0.01661  0.009741   0.06869        36       640     0.561    0.5955    0.5664    0.3389   0.03994    0.0128   0.01037
    12/299     10.1G    0.0422   0.01657  0.009615   0.06838        37       640    0.6027    0.6001     0.588    0.3551   0.03971   0.01261  0.009212
    13/299     10.1G   0.04196   0.01655  0.009493     0.068        37       640      0.59    0.6267    0.5953    0.3594   0.03939   0.01248  0.008679
    14/299     10.1G   0.04183   0.01651   0.00918   0.06751        46       640    0.5916    0.6208    0.5984    0.3654   0.03953    0.0124  0.008963
    15/299     10.1G   0.04135   0.01643   0.00902    0.0668        35       640    0.6056    0.6316    0.6117    0.3776   0.03867   0.01226  0.007781
    16/299     10.1G   0.04159   0.01653  0.009119   0.06724        40       640    0.6139    0.6326     0.616    0.3812   0.03853   0.01235  0.007992
    17/299     10.1G   0.04118   0.01645  0.008725   0.06635        33       640    0.6315    0.6327     0.621    0.3845   0.03822   0.01223  0.007646
    18/299     10.1G   0.04112   0.01627  0.008631   0.06602        37       640    0.6207    0.6491    0.6293    0.3934   0.03794   0.01209  0.007251
    19/299     10.1G   0.04107   0.01638   0.00857   0.06602        41       640    0.6097    0.6705    0.6352    0.3975   0.03774   0.01199  0.006988
    20/299     10.1G   0.04106   0.01645  0.008181    0.0657        38       640    0.6046    0.6681    0.6305    0.3968   0.03767   0.01197  0.006904
    21/299     10.1G   0.04076   0.01633  0.008241   0.06533        35       640    0.6365    0.6521    0.6358    0.3998   0.03768    0.0119  0.006685
    22/299     10.1G   0.04076   0.01632  0.008124    0.0652        29       640    0.6169    0.6719    0.6387    0.4023   0.03743   0.01184  0.006388
    23/299     10.1G   0.04066   0.01631  0.008175   0.06514        37       640    0.6194    0.6768     0.638    0.4028   0.03739   0.01182  0.006411
    24/299     10.1G   0.04063    0.0162  0.008121   0.06494        35       640    0.6337    0.6591    0.6391    0.4041   0.03737   0.01178   0.00648
    25/299     10.1G   0.04059   0.01635  0.007837   0.06478        39       640    0.6328    0.6667    0.6412    0.4078   0.03729   0.01174  0.006476
    26/299     10.1G   0.04035   0.01613  0.007634   0.06411        53       640    0.6424    0.6602    0.6441    0.4095   0.03722   0.01171  0.006358
    27/299     10.1G   0.04031   0.01628  0.007714   0.06431        48       640    0.6424    0.6637     0.645    0.4095    0.0372    0.0117  0.006259
    28/299     10.1G   0.04017   0.01612   0.00775   0.06404        38       640    0.6536    0.6554    0.6481    0.4109   0.03717   0.01169  0.006217
    29/299     10.1G   0.04004   0.01611  0.007247   0.06339        41       640     0.644    0.6669    0.6488    0.4122    0.0371   0.01168  0.006213
    30/299     10.1G   0.04007   0.01606  0.007361   0.06349        33       640    0.6361    0.6767    0.6494    0.4142   0.03703   0.01166  0.006197
    31/299     10.1G   0.04014   0.01624   0.00765   0.06403        45       640     0.639    0.6757    0.6508    0.4163   0.03699   0.01165  0.006173
    32/299     10.1G   0.03996   0.01597  0.007386   0.06331        49       640    0.6203    0.7002    0.6509     0.417   0.03691   0.01164  0.006141
    33/299     10.1G   0.03991   0.01612   0.00713   0.06316        59       640    0.6218    0.6972    0.6516    0.4183   0.03685   0.01163  0.006109
    34/299     10.1G   0.03995   0.01607  0.007161   0.06318        33       640    0.6362    0.6813    0.6517    0.4185    0.0368   0.01162  0.006089
    35/299     10.1G   0.03957   0.01609  0.007011   0.06267        49       640    0.6388      0.68     0.652    0.4189   0.03676   0.01162  0.006089
    36/299     10.1G   0.03939   0.01603  0.007126   0.06254        39       640    0.6502     0.669    0.6529    0.4192   0.03673   0.01162  0.006089
    37/299     10.1G   0.03974   0.01614   0.00705   0.06293        46       640    0.6417    0.6799    0.6532    0.4198   0.03671   0.01161  0.006079
    38/299     10.1G   0.03933   0.01593  0.006887   0.06215        51       640    0.6272     0.694    0.6534    0.4207   0.03668   0.01161  0.006058
    39/299     10.1G   0.03984    0.0162  0.007065   0.06311        38       640    0.6367    0.6827    0.6539    0.4212   0.03667   0.01161  0.006056
    40/299     10.1G   0.03946   0.01599  0.006627   0.06207        40       640    0.6158    0.7094    0.6541    0.4211   0.03665    0.0116  0.006051
    41/299     10.1G   0.03955   0.01604  0.006768   0.06236        54       640    0.6138    0.7123    0.6545    0.4217   0.03662    0.0116   0.00605
    42/299     10.1G   0.03935   0.01587  0.006731   0.06195        37       640     0.618    0.7082    0.6551    0.4217   0.03658    0.0116  0.006044
    43/299     10.1G   0.03935   0.01599  0.006961    0.0623        32       640    0.6157    0.7115     0.656    0.4225   0.03655   0.01159  0.006029
    44/299     10.1G   0.03936   0.01583   0.00681     0.062        41       640    0.6216    0.7027    0.6557    0.4225   0.03652   0.01159   0.00604
    45/299     10.1G   0.03914   0.01596  0.006442   0.06154        41       640    0.6319    0.6916    0.6561    0.4228   0.03651   0.01159  0.006061
    46/299     10.1G   0.03936   0.01604  0.006806   0.06221        35       640    0.6323    0.6903     0.656     0.423    0.0365   0.01159  0.006073
    47/299     10.1G   0.03901    0.0159  0.006556   0.06146        42       640    0.6296    0.6938    0.6562    0.4233   0.03648   0.01159  0.006074
    48/299     10.1G    0.0392   0.01591  0.006677   0.06179        37       640    0.6318    0.6933    0.6565    0.4231   0.03648   0.01159   0.00607
    49/299     10.1G   0.03899   0.01592  0.006326   0.06123        61       640    0.6351    0.6888     0.657    0.4234   0.03647   0.01159  0.006076
    50/299     10.1G   0.03896   0.01595  0.006281    0.0612        38       640    0.6483    0.6748     0.657    0.4233   0.03645   0.01159   0.00606
    51/299     10.1G   0.03908   0.01584  0.006218   0.06114        43       640    0.6474    0.6768    0.6574    0.4238   0.03643   0.01158   0.00606
    52/299     10.1G   0.03897   0.01591  0.006369   0.06125        38       640    0.6355    0.6904    0.6576    0.4237   0.03641   0.01158  0.006049
    53/299     10.1G   0.03875   0.01583  0.006379   0.06095        40       640    0.6397    0.6883     0.658    0.4239    0.0364   0.01158  0.006035
    54/299     10.1G   0.03892   0.01591  0.006059   0.06088        44       640     0.634     0.695    0.6588    0.4247   0.03639   0.01158  0.006023
    55/299     10.1G   0.03882   0.01592  0.006212   0.06095        56       640    0.6346    0.6962    0.6593    0.4248   0.03637   0.01158  0.006008
    56/299     10.1G   0.03876   0.01584  0.006239   0.06084        30       640    0.6414    0.6878    0.6599    0.4255   0.03635   0.01157  0.006004
    57/299     10.1G   0.03863   0.01575   0.00616   0.06054        70       640    0.6548    0.6742    0.6599    0.4255   0.03633   0.01157  0.005999
    58/299     10.1G   0.03878    0.0159  0.006159   0.06084        33       640    0.6522    0.6764    0.6601    0.4254   0.03632   0.01157  0.005992
    59/299     10.1G   0.03876   0.01571  0.006009   0.06047        54       640    0.6492    0.6801    0.6603    0.4257   0.03631   0.01157  0.005994
    60/299     10.1G   0.03848   0.01592  0.005929   0.06033        48       640    0.6468    0.6814    0.6602    0.4262    0.0363   0.01157  0.005993
    61/299     10.1G   0.03851    0.0158  0.005698   0.06001        55       640    0.6442    0.6844    0.6606    0.4265   0.03629   0.01157  0.005988
    62/299     10.1G    0.0382   0.01578  0.005828   0.05981        57       640    0.6531    0.6765    0.6606    0.4265   0.03628   0.01156  0.005995
    63/299     10.1G   0.03849   0.01577  0.006181   0.06045        62       640    0.6561    0.6734    0.6611    0.4274   0.03627   0.01156  0.005993
    64/299     10.1G   0.03846   0.01564  0.005784   0.05989        36       640     0.642    0.6872    0.6613    0.4271   0.03626   0.01156  0.005996
    65/299     10.1G   0.03858   0.01578  0.006005   0.06037        40       640    0.6391    0.6908     0.661    0.4272   0.03626   0.01156  0.005994
    66/299     10.1G   0.03848   0.01579  0.005991   0.06027        33       640    0.6412    0.6891    0.6612    0.4277   0.03625   0.01156  0.005998
    67/299     10.1G   0.03825   0.01575  0.006108   0.06011        30       640    0.6441    0.6859    0.6612    0.4279   0.03624   0.01155  0.005991
    68/299     10.1G   0.03847   0.01573  0.005832   0.06004        47       640    0.6464    0.6838    0.6612    0.4281   0.03624   0.01155  0.005981
    69/299     10.1G   0.03825   0.01575  0.005544   0.05955        32       640    0.6513    0.6794    0.6617    0.4279   0.03623   0.01155  0.005973
    70/299     10.1G   0.03817   0.01573  0.005703   0.05961        42       640    0.6458    0.6863     0.662    0.4283   0.03622   0.01155   0.00597
    71/299     10.1G   0.03799   0.01567  0.005702   0.05936        41       640    0.6591    0.6724    0.6625    0.4287   0.03621   0.01155  0.005977
    72/299     10.1G   0.03824   0.01575  0.006044   0.06004        43       640     0.647    0.6863    0.6627    0.4291   0.03619   0.01154  0.005986
    73/299     10.1G   0.03837   0.01576  0.005668    0.0598        58       640    0.6558    0.6772    0.6627    0.4293   0.03619   0.01154  0.005992
    74/299     10.1G   0.03807   0.01575  0.005753   0.05957        31       640    0.6474    0.6861    0.6629    0.4295   0.03618   0.01154  0.005998
    75/299     10.1G   0.03806   0.01566  0.005447   0.05917        48       640    0.6571    0.6771    0.6629    0.4295   0.03617   0.01154  0.006015
    76/299     10.1G    0.0381    0.0157  0.005627   0.05943        37       640    0.6472    0.6864    0.6628    0.4295   0.03616   0.01154  0.006029
    77/299     10.1G   0.03818   0.01569  0.005573   0.05944        44       640    0.6565    0.6767    0.6625    0.4293   0.03616   0.01154  0.006034
    78/299     10.1G   0.03817   0.01561  0.005566   0.05935        44       640    0.6539    0.6801    0.6626    0.4293   0.03615   0.01154  0.006039
    79/299     10.1G   0.03794   0.01561  0.005484   0.05903        39       640    0.6498    0.6859    0.6631    0.4298   0.03616   0.01154  0.006042
    80/299     10.1G   0.03811   0.01578  0.005607   0.05949        35       640    0.6499    0.6859    0.6632    0.4298   0.03616   0.01154  0.006046
    81/299     10.1G   0.03817   0.01562  0.005529   0.05932        52       640    0.6467    0.6905    0.6634    0.4293   0.03615   0.01154  0.006035
    82/299     10.1G   0.03808   0.01564  0.005703   0.05942        37       640    0.6503    0.6874    0.6634    0.4296   0.03616   0.01153  0.006035
    83/299     10.1G   0.03795   0.01554   0.00555   0.05904        35       640     0.645    0.6941    0.6635    0.4299   0.03616   0.01154  0.006035
    84/299     10.1G   0.03773   0.01547  0.005334   0.05854        34       640    0.6524    0.6868    0.6636      0.43   0.03616   0.01153  0.006037
    85/299     10.1G   0.03786   0.01563  0.005303   0.05879        35       640     0.647    0.6938    0.6637    0.4306   0.03616   0.01153  0.006036
    86/299     10.1G   0.03762   0.01547  0.005196   0.05829        41       640     0.645    0.6956    0.6638    0.4301   0.03617   0.01154  0.006034
    87/299     10.1G   0.03759   0.01547  0.005275   0.05834        41       640    0.6448    0.6965     0.664    0.4303   0.03617   0.01154  0.006046
    88/299     10.1G   0.03754   0.01562  0.005203   0.05836        44       640    0.6405    0.7014     0.664    0.4303   0.03617   0.01154  0.006048
    89/299     10.1G   0.03782   0.01557  0.005436   0.05884        38       640    0.6443    0.6977    0.6641    0.4299   0.03617   0.01154  0.006054
    90/299     10.1G   0.03751   0.01545  0.005114   0.05807        34       640    0.6445    0.6981    0.6645    0.4301   0.03618   0.01154  0.006061
    91/299     10.1G   0.03761   0.01551   0.00509   0.05821        31       640    0.6416    0.7004    0.6642    0.4298   0.03617   0.01154  0.006061
    92/299     10.1G   0.03705   0.01543  0.005082   0.05756        43       640     0.645    0.6976    0.6643    0.4303   0.03617   0.01154  0.006067
    93/299     10.1G   0.03736   0.01552   0.00494   0.05783        45       640    0.6485    0.6952    0.6643    0.4304   0.03618   0.01154  0.006078
    94/299     10.1G   0.03757   0.01554  0.005002   0.05812        50       640    0.6482    0.6959     0.664    0.4302   0.03618   0.01154  0.006072
    95/299     10.1G   0.03733   0.01536  0.004955   0.05765        36       640     0.645    0.6977    0.6635    0.4306   0.03618   0.01154  0.006071
    96/299     10.1G   0.03738   0.01547  0.005173   0.05803        40       640    0.6432     0.699    0.6639    0.4307   0.03619   0.01154  0.006071
    97/299     10.1G   0.03729   0.01548  0.004984   0.05775        34       640    0.6582     0.683    0.6639    0.4312    0.0362   0.01153  0.006079
    98/299     10.1G   0.03729   0.01533  0.005071    0.0577        48       640    0.6473    0.6954    0.6643    0.4313    0.0362   0.01153  0.006079
    99/299     10.1G   0.03721   0.01543  0.004993   0.05764        32       640    0.6362    0.7075    0.6641    0.4316    0.0362   0.01153  0.006077
   100/299     10.1G   0.03716    0.0154  0.005049   0.05761        45       640    0.6349    0.7094    0.6641    0.4318    0.0362   0.01153  0.006084
   101/299     10.1G   0.03692   0.01536   0.00473   0.05701        36       640     0.636    0.7076    0.6646    0.4315   0.03621   0.01153  0.006087
   102/299     10.1G   0.03724   0.01547  0.004998   0.05771        50       640    0.6468    0.6945    0.6646    0.4311   0.03622   0.01153  0.006087
   103/299     10.1G   0.03695   0.01535  0.004795   0.05709        33       640    0.6295    0.7166    0.6646    0.4312   0.03623   0.01153  0.006091
   104/299     10.1G   0.03722   0.01534  0.004898   0.05745        40       640    0.6253    0.7224    0.6647    0.4316   0.03624   0.01153  0.006093
   105/299     10.1G   0.03715   0.01543  0.004868   0.05745        39       640    0.6415    0.7025    0.6651     0.432   0.03624   0.01153  0.006111
   106/299     10.1G   0.03721   0.01543  0.004903   0.05754        49       640    0.6378    0.7088    0.6653    0.4325   0.03625   0.01153  0.006131
   107/299     10.1G   0.03722   0.01552  0.004764   0.05751        37       640    0.6535    0.6899    0.6651    0.4331   0.03625   0.01153  0.006141
   108/299     10.1G   0.03698   0.01532   0.00475   0.05706        49       640    0.6485    0.6967    0.6649    0.4327   0.03626   0.01153  0.006145
   109/299     10.1G   0.03723    0.0153  0.004703   0.05723        51       640    0.6641    0.6802     0.665    0.4329   0.03626   0.01153  0.006149
   110/299     10.1G   0.03698   0.01534   0.00477   0.05708        47       640    0.6434     0.703    0.6652    0.4329   0.03627   0.01153  0.006148
   111/299     10.1G   0.03702   0.01533  0.004689   0.05704        46       640    0.6467    0.6985    0.6655    0.4332   0.03627   0.01153  0.006147
   112/299     10.1G   0.03687   0.01527  0.004596   0.05673        41       640    0.6525    0.6918    0.6657     0.433   0.03627   0.01153  0.006145
   113/299     10.1G   0.03662   0.01526  0.004638   0.05651        30       640    0.6477    0.6995    0.6656     0.433   0.03626   0.01154   0.00615
   114/299     10.1G   0.03695   0.01546  0.004892    0.0573        40       640    0.6448    0.7013    0.6649    0.4327   0.03625   0.01154  0.006151
   115/299     10.1G   0.03677   0.01525  0.004612   0.05662        52       640    0.6471    0.6993    0.6655    0.4329   0.03624   0.01154  0.006169
   116/299     10.1G   0.03689   0.01545  0.004745   0.05709        53       640    0.6488    0.6974    0.6657    0.4332   0.03624   0.01154  0.006168
   117/299     10.1G   0.03665   0.01527  0.004735   0.05665        50       640    0.6473    0.6997    0.6654    0.4335   0.03624   0.01154  0.006168
   118/299     10.1G    0.0368   0.01519  0.004468   0.05646        33       640    0.6457    0.7028    0.6657    0.4336   0.03623   0.01154  0.006177
   119/299     10.1G   0.03668   0.01539  0.004828    0.0569        46       640    0.6449    0.7046    0.6662    0.4338   0.03622   0.01154  0.006171
   120/299     10.1G   0.03658   0.01523  0.004732   0.05655        51       640    0.6483    0.7004    0.6661    0.4342   0.03621   0.01154  0.006169
   121/299     10.1G   0.03658   0.01525  0.004673    0.0565        39       640    0.6501    0.6977     0.666    0.4342   0.03621   0.01154  0.006181
   122/299     10.1G   0.03677   0.01533  0.004478   0.05658        43       640     0.645    0.7032    0.6659    0.4338   0.03621   0.01154  0.006187
   123/299     10.1G    0.0365   0.01534  0.004472   0.05631        37       640     0.641    0.7095    0.6661     0.434   0.03621   0.01154  0.006185
   124/299     10.1G   0.03646   0.01539  0.004662   0.05652        34       640    0.6433    0.7058    0.6661    0.4339   0.03621   0.01154  0.006196
   125/299     10.1G   0.03644   0.01531  0.004495   0.05624        29       640    0.6533    0.6945    0.6663    0.4341   0.03621   0.01154  0.006207
   126/299     10.1G   0.03631   0.01525  0.004455   0.05601        31       640    0.6576    0.6912    0.6665    0.4345   0.03621   0.01154  0.006226
   127/299     10.1G   0.03644   0.01531  0.004386   0.05614        72       640    0.6564    0.6921    0.6665    0.4344   0.03621   0.01154  0.006237
   128/299     10.1G   0.03648   0.01515  0.004379     0.056        47       640    0.6552     0.694    0.6662    0.4342   0.03621   0.01154  0.006241
   129/299     10.1G   0.03634   0.01519  0.004396   0.05593        39       640    0.6589    0.6885    0.6665    0.4347    0.0362   0.01154  0.006255
   130/299     10.1G   0.03634   0.01518  0.004383   0.05591        40       640    0.6524    0.6953    0.6664    0.4348   0.03621   0.01154  0.006257
   131/299     10.1G   0.03627   0.01516  0.004544   0.05598        32       640    0.6589    0.6886    0.6666    0.4348   0.03621   0.01155  0.006269
   132/299     10.1G   0.03638   0.01512  0.004298    0.0558        39       640    0.6482       0.7    0.6667     0.435   0.03622   0.01155  0.006279
   133/299     10.1G   0.03634   0.01514  0.004331   0.05581        36       640     0.648    0.7008    0.6665    0.4348   0.03621   0.01155  0.006292
   134/299     10.1G   0.03613   0.01506  0.004306   0.05549        40       640    0.6506    0.6981    0.6665    0.4351   0.03622   0.01155  0.006298
   135/299     10.1G   0.03642    0.0151  0.004372   0.05589        46       640    0.6468    0.7001    0.6663    0.4353   0.03622   0.01155  0.006297
   136/299     10.1G   0.03617   0.01519  0.004156   0.05551        37       640    0.6441    0.7028    0.6662    0.4353   0.03622   0.01156    0.0063
   137/299     10.1G   0.03642   0.01517   0.00453   0.05613        46       640    0.6479    0.6998    0.6659    0.4351   0.03623   0.01156  0.006314
   138/299     10.1G   0.03593   0.01509  0.004083    0.0551        46       640    0.6562    0.6909    0.6659    0.4355   0.03623   0.01156  0.006329
   139/299     10.1G   0.03591   0.01506  0.004175   0.05514        42       640    0.6511    0.6962    0.6659    0.4357   0.03624   0.01156   0.00635
   140/299     10.1G   0.03614   0.01505  0.004429   0.05562        40       640    0.6467    0.7012    0.6661    0.4352   0.03624   0.01156  0.006366
   141/299     10.1G   0.03633   0.01502  0.004113   0.05547        38       640      0.64    0.7105    0.6664    0.4354   0.03624   0.01156  0.006379
   142/299     10.1G   0.03613   0.01511  0.004224   0.05547        36       640    0.6452    0.7027    0.6661    0.4351   0.03625   0.01157  0.006401
   143/299     10.1G   0.03603   0.01506  0.004158   0.05525        32       640    0.6452    0.7045    0.6664    0.4349   0.03626   0.01157  0.006423
   144/299     10.1G   0.03609   0.01519  0.004239   0.05551        41       640    0.6561    0.6918    0.6668    0.4351   0.03627   0.01157  0.006452
   145/299     10.1G   0.03604   0.01505  0.004198   0.05529        31       640    0.6581    0.6903    0.6668    0.4355   0.03628   0.01157  0.006486
   146/299     10.1G   0.03591   0.01494  0.004051    0.0549        38       640    0.6574    0.6926     0.667    0.4354   0.03629   0.01158  0.006504
   147/299     10.1G   0.03606   0.01514  0.004237   0.05544        35       640    0.6558    0.6938    0.6668    0.4357   0.03629   0.01158  0.006523
   148/299     10.1G   0.03578   0.01509  0.004216   0.05508        50       640     0.653    0.6957    0.6662    0.4355   0.03629   0.01158  0.006549
   149/299     10.1G   0.03561   0.01491  0.003957   0.05448        33       640     0.655    0.6937    0.6663    0.4354   0.03631   0.01159   0.00657
   150/299     10.1G   0.03576   0.01485  0.004124   0.05473        33       640    0.6518    0.6978    0.6663    0.4357   0.03632   0.01159  0.006609
   151/299     10.1G   0.03584   0.01494  0.004105   0.05489        41       640    0.6541    0.6945    0.6657     0.435   0.03633   0.01159   0.00662
   152/299     10.1G   0.03571   0.01495   0.00393   0.05459        41       640    0.6494    0.6982    0.6658    0.4349   0.03634   0.01159  0.006629
   153/299     10.1G    0.0356   0.01498  0.003938   0.05452        47       640    0.6491    0.6978    0.6656    0.4348   0.03635    0.0116  0.006641
   154/299     10.1G   0.03562    0.0148  0.004042   0.05446        36       640    0.6564    0.6895    0.6659    0.4349   0.03635    0.0116  0.006661
   155/299     10.1G   0.03574   0.01481  0.003958    0.0545        42       640    0.6635    0.6827    0.6658    0.4351   0.03635    0.0116  0.006688
   156/299     10.1G   0.03548   0.01474  0.003874    0.0541        47       640    0.6567    0.6882     0.666    0.4352   0.03636    0.0116  0.006702
   157/299     10.1G   0.03544   0.01495  0.003813    0.0542        47       640    0.6462    0.6998    0.6662    0.4352   0.03637    0.0116  0.006725
   158/299     10.1G   0.03558   0.01496  0.003972   0.05451        39       640    0.6445    0.7017    0.6665    0.4353   0.03638    0.0116  0.006735
   159/299     10.1G   0.03581   0.01496  0.003994   0.05477        38       640    0.6551    0.6903    0.6663    0.4356   0.03639    0.0116  0.006745
   160/299     10.1G   0.03547   0.01499   0.00389   0.05435        39       640    0.6415    0.7037    0.6661    0.4358   0.03639   0.01161   0.00675
   161/299     10.1G    0.0358    0.0149  0.004083   0.05479        44       640    0.6425     0.701    0.6657    0.4356    0.0364   0.01161  0.006768
   162/299     10.1G   0.03542   0.01495  0.003835   0.05421        38       640    0.6446    0.6994    0.6651    0.4356   0.03642   0.01161   0.00679
   163/299     10.1G   0.03523   0.01485  0.003706   0.05378        33       640     0.665     0.678    0.6652    0.4354   0.03643   0.01162   0.00681
   164/299     10.1G   0.03537   0.01482  0.003759   0.05396        31       640    0.6536    0.6906    0.6652    0.4353   0.03643   0.01162  0.006826
   165/299     10.1G   0.03542   0.01481  0.003743   0.05398        40       640    0.6531     0.691     0.665    0.4352   0.03644   0.01162  0.006835
   166/299     10.1G   0.03541   0.01491    0.0039   0.05422        42       640     0.653    0.6918    0.6652    0.4353   0.03645   0.01162  0.006839
   167/299     10.1G   0.03528   0.01493  0.003718   0.05393        38       640    0.6506    0.6937    0.6652    0.4351   0.03646   0.01162  0.006849
   168/299     10.1G   0.03518   0.01482  0.003874   0.05387        34       640    0.6526    0.6926    0.6649    0.4352   0.03646   0.01162  0.006872
   169/299     10.1G   0.03547   0.01489  0.003808   0.05417        43       640    0.6525    0.6928    0.6652    0.4353   0.03645   0.01162  0.006888
   170/299     10.1G   0.03491   0.01482  0.003686   0.05342        44       640    0.6622    0.6818    0.6647     0.435   0.03645   0.01162  0.006917
   171/299     10.1G    0.0352   0.01478  0.003802   0.05379        39       640    0.6595    0.6835    0.6644    0.4349   0.03646   0.01163  0.006938
   172/299     10.1G   0.03532   0.01486  0.003773   0.05396        71       640    0.6558     0.688    0.6643     0.435   0.03646   0.01163  0.006947
   173/299     10.1G    0.0352   0.01494  0.003818   0.05395        35       640     0.656    0.6874    0.6645    0.4353   0.03647   0.01163  0.006956
   174/299     10.1G     0.035   0.01485   0.00372   0.05356        42       640    0.6408    0.7053    0.6643    0.4352   0.03648   0.01163   0.00696
   175/299     10.1G   0.03506   0.01476  0.003709   0.05352        48       640    0.6427    0.7024    0.6641    0.4353   0.03648   0.01163  0.006986
   176/299     10.1G   0.03517   0.01471  0.003672   0.05355        36       640    0.6543    0.6881    0.6641    0.4357   0.03648   0.01164  0.007018
   177/299     10.1G     0.035   0.01465  0.003689   0.05334        34       640     0.652    0.6909     0.664    0.4357   0.03649   0.01164  0.007031
   178/299     10.1G   0.03486   0.01474  0.003573   0.05318        31       640    0.6515    0.6903    0.6639    0.4358    0.0365   0.01164  0.007056
   179/299     10.1G   0.03504   0.01464  0.003573   0.05325        45       640    0.6469     0.694    0.6637    0.4355    0.0365   0.01164  0.007065
   180/299     10.1G   0.03509   0.01471  0.003863   0.05366        41       640      0.65    0.6913     0.664    0.4354   0.03651   0.01165   0.00708
   181/299     10.1G   0.03488   0.01473   0.00365   0.05326        51       640     0.649     0.693     0.664    0.4356   0.03652   0.01165   0.00709
   182/299     10.1G   0.03472   0.01466  0.003632   0.05301        51       640    0.6499    0.6908     0.664    0.4357   0.03653   0.01165  0.007106
   183/299     10.1G   0.03467   0.01471  0.003675   0.05305        36       640     0.649    0.6921    0.6639    0.4355   0.03654   0.01166  0.007125
   184/299     10.1G   0.03475   0.01472  0.003558   0.05302        39       640    0.6481    0.6933     0.664    0.4354   0.03655   0.01166  0.007141
   185/299     10.1G   0.03471   0.01463  0.003487   0.05283        37       640    0.6542     0.686    0.6638    0.4356   0.03655   0.01166  0.007163
   186/299     10.1G   0.03482   0.01471  0.003454   0.05298        45       640    0.6547    0.6852    0.6637    0.4356   0.03656   0.01166  0.007192
   187/299     10.1G   0.03469   0.01467  0.003591   0.05295        38       640    0.6508    0.6905    0.6639    0.4356   0.03657   0.01167  0.007206
   188/299     10.1G   0.03465   0.01477  0.003497   0.05292        44       640    0.6398    0.7037    0.6635    0.4358   0.03657   0.01167  0.007235
   189/299     10.1G   0.03458    0.0146  0.003448   0.05263        35       640    0.6576    0.6833    0.6636    0.4357   0.03657   0.01168  0.007261
   190/299     10.1G   0.03477   0.01458   0.00354   0.05289        32       640    0.6532    0.6894    0.6636    0.4359   0.03658   0.01168  0.007275
   191/299     10.1G   0.03453   0.01456  0.003474   0.05257        48       640    0.6531      0.69    0.6636    0.4359   0.03658   0.01168  0.007294
   192/299     10.1G   0.03447   0.01458  0.003448   0.05249        30       640    0.6585    0.6833    0.6633    0.4357   0.03658   0.01169  0.007308
   193/299     10.1G   0.03467   0.01456  0.003322   0.05255        41       640     0.648    0.6948    0.6633    0.4356   0.03658   0.01169  0.007307
   194/299     10.1G   0.03452   0.01445  0.003455   0.05243        60       640    0.6505    0.6934    0.6634    0.4355   0.03658   0.01169  0.007317
   195/299     10.1G   0.03439   0.01458  0.003456   0.05243        35       640    0.6606    0.6825    0.6635    0.4356   0.03658   0.01169  0.007323
   196/299     10.1G   0.03433   0.01449  0.003401   0.05223        33       640    0.6624      0.68    0.6636    0.4356   0.03659   0.01169  0.007331
   197/299     10.1G   0.03423   0.01445  0.003413   0.05209        38       640    0.6475    0.6965    0.6636    0.4357   0.03659    0.0117  0.007341
   198/299     10.1G   0.03433   0.01441  0.003342   0.05209        44       640    0.6479    0.6963    0.6636    0.4352    0.0366    0.0117  0.007354
   199/299     10.1G   0.03419   0.01443  0.003278    0.0519        31       640    0.6434    0.7009    0.6637    0.4353    0.0366    0.0117  0.007372
   200/299     10.1G   0.03424    0.0145   0.00327   0.05201        38       640    0.6387    0.7058    0.6636    0.4355   0.03661    0.0117  0.007389
   201/299     10.1G   0.03436   0.01453  0.003323   0.05221        40       640    0.6375    0.7088    0.6636    0.4357   0.03662   0.01171  0.007396
   202/299     10.1G   0.03424   0.01446  0.003357   0.05206        52       640    0.6358    0.7112     0.664    0.4355   0.03662   0.01171  0.007388
   203/299     10.1G   0.03409   0.01451  0.003331   0.05193        38       640    0.6537    0.6897    0.6637    0.4357   0.03662   0.01171  0.007391
   204/299     10.1G   0.03408   0.01443  0.003188    0.0517        46       640    0.6555    0.6888     0.664    0.4356   0.03663   0.01171  0.007398
   205/299     10.1G   0.03447   0.01438  0.003601   0.05245        57       640    0.6475    0.6992    0.6639    0.4355   0.03664   0.01172  0.007401
   206/299     10.1G   0.03419   0.01467  0.003457   0.05232        36       640    0.6462    0.7017    0.6635    0.4353   0.03664   0.01172    0.0074
   207/299     10.1G   0.03401   0.01445  0.003315   0.05178        47       640    0.6467    0.7013    0.6633    0.4355   0.03664   0.01173    0.0074
   208/299     10.1G   0.03418   0.01442  0.003387   0.05198        40       640    0.6469    0.7016    0.6633    0.4358   0.03665   0.01173  0.007398
   209/299     10.1G    0.0343   0.01443  0.003315   0.05204        47       640    0.6457    0.7016     0.663    0.4361   0.03665   0.01174  0.007412
   210/299     10.1G   0.03401   0.01435  0.003263   0.05162        43       640     0.658    0.6861    0.6634    0.4359   0.03665   0.01174   0.00743
   211/299     10.1G   0.03397   0.01438  0.003335   0.05169        33       640    0.6386    0.7076    0.6629    0.4355   0.03666   0.01174   0.00744
   212/299     10.1G   0.03385   0.01441  0.003166   0.05143        47       640    0.6414    0.7043     0.663    0.4356   0.03667   0.01174  0.007446
   213/299     10.1G   0.03408    0.0144  0.003285   0.05177        34       640    0.6527    0.6911    0.6626    0.4352   0.03668   0.01175  0.007449
   214/299     10.1G   0.03376   0.01442  0.003309   0.05149        31       640    0.6475    0.6965    0.6625    0.4349   0.03668   0.01175  0.007452
   215/299     10.1G    0.0341   0.01451  0.003409   0.05203        35       640    0.6485    0.6957    0.6623     0.435   0.03669   0.01175   0.00746
   216/299     10.1G   0.03399   0.01433  0.003058   0.05138        45       640    0.6473    0.6961     0.662    0.4346   0.03669   0.01176  0.007448
   217/299     10.1G   0.03362   0.01423  0.003113   0.05097        40       640    0.6566    0.6859    0.6619    0.4345    0.0367   0.01176  0.007453
   218/299     10.1G   0.03384   0.01439  0.003169    0.0514        35       640    0.6539    0.6899     0.662     0.435    0.0367   0.01176  0.007457
   219/299     10.1G   0.03373    0.0143  0.003037   0.05106        38       640    0.6556    0.6888    0.6621    0.4344    0.0367   0.01176  0.007457
   220/299     10.1G   0.03373   0.01426  0.003132   0.05112        48       640    0.6608    0.6815    0.6619    0.4347   0.03671   0.01177  0.007477
   221/299     10.1G   0.03387   0.01432  0.003295   0.05149        38       640    0.6538    0.6885    0.6621    0.4346   0.03671   0.01178  0.007492
   222/299     10.1G    0.0336   0.01432  0.003016   0.05094        34       640    0.6516    0.6896     0.662    0.4344   0.03672   0.01178  0.007511
   223/299     10.1G   0.03383   0.01429  0.003087   0.05121        44       640    0.6487    0.6928    0.6618    0.4346   0.03673   0.01178  0.007524
   224/299     10.1G   0.03375   0.01435   0.00319   0.05129        36       640    0.6516    0.6902    0.6617    0.4346   0.03675   0.01179   0.00754
   225/299     10.1G   0.03372   0.01431  0.003075    0.0511        33       640    0.6661    0.6754    0.6622    0.4348   0.03676   0.01179  0.007559
   226/299     10.1G   0.03362   0.01432  0.003041   0.05097        54       640    0.6498    0.6926    0.6617    0.4342   0.03677   0.01179  0.007584
   227/299     10.1G   0.03365   0.01431  0.003113   0.05107        51       640    0.6451    0.6977    0.6619    0.4336   0.03678   0.01179  0.007606
   228/299     10.1G   0.03363   0.01421   0.00321   0.05105        42       640    0.6373    0.7071    0.6618    0.4334   0.03679    0.0118  0.007627
   229/299     10.1G   0.03367   0.01421  0.003132   0.05101        31       640    0.6476    0.6955    0.6618    0.4337   0.03679    0.0118  0.007648
   230/299     10.1G    0.0334   0.01429  0.003017    0.0507        32       640    0.6554    0.6882    0.6615    0.4339    0.0368    0.0118  0.007666
   231/299     10.1G    0.0334   0.01417    0.0029   0.05046        37       640    0.6519    0.6907    0.6611    0.4336   0.03681   0.01181  0.007693
   232/299     10.1G   0.03337    0.0143  0.003246   0.05092        38       640    0.6551    0.6884    0.6611    0.4336   0.03681   0.01181  0.007712
   233/299     10.1G   0.03366   0.01423  0.003049   0.05094        64       640    0.6553     0.687     0.661    0.4337   0.03682   0.01181  0.007725
   234/299     10.1G   0.03333   0.01411  0.002928   0.05037        57       640    0.6553    0.6869    0.6609    0.4333   0.03682   0.01181  0.007753
   235/299     10.1G    0.0333   0.01419  0.003044   0.05053        38       640     0.648    0.6957     0.661    0.4339   0.03683   0.01182  0.007774
   236/299     10.1G   0.03361   0.01417  0.003119    0.0509        41       640      0.65    0.6939    0.6614    0.4339   0.03684   0.01182  0.007779
   237/299     10.1G   0.03346   0.01409   0.00294   0.05049        58       640    0.6446    0.7004    0.6613    0.4335   0.03685   0.01182   0.00779
   238/299     10.1G   0.03341   0.01421  0.002983    0.0506        34       640     0.649    0.6944    0.6612    0.4337   0.03685   0.01182  0.007799
   239/299     10.1G   0.03337   0.01424  0.003128   0.05074        37       640    0.6416    0.7009    0.6607    0.4337   0.03685   0.01182  0.007809
   240/299     10.1G   0.03338   0.01413  0.002853   0.05036        43       640    0.6461    0.6958    0.6607    0.4335   0.03685   0.01183  0.007837
   241/299     10.1G   0.03333   0.01418  0.002854   0.05037        36       640    0.6407    0.7033    0.6603    0.4332   0.03685   0.01183  0.007861
   242/299     10.1G   0.03369    0.0142  0.002926   0.05081        28       640    0.6499    0.6922    0.6598    0.4326   0.03685   0.01184  0.007882
   243/299     10.1G   0.03321   0.01406  0.002931    0.0502        44       640    0.6487    0.6933    0.6599    0.4326   0.03686   0.01184  0.007893
   244/299     10.1G   0.03322   0.01403  0.002972   0.05023        56       640    0.6403    0.7033    0.6596    0.4322   0.03687   0.01185  0.007904
   245/299     10.1G   0.03295   0.01403   0.00284   0.04982        37       640    0.6407    0.7033     0.659     0.432   0.03687   0.01186  0.007905
   246/299     10.1G    0.0332   0.01415  0.002968   0.05032        33       640    0.6419    0.7016    0.6589    0.4319   0.03687   0.01186  0.007915
   247/299     10.1G   0.03321   0.01408   0.00299   0.05028        52       640    0.6414    0.7027    0.6589    0.4319   0.03687   0.01187  0.007922
   248/299     10.1G   0.03308   0.01413  0.002819   0.05003        33       640     0.643    0.6993    0.6587    0.4322   0.03687   0.01187  0.007929
   249/299     10.1G   0.03333   0.01423   0.00292   0.05048        55       640    0.6406    0.7024    0.6583     0.432   0.03688   0.01187  0.007943
   250/299     10.1G   0.03309   0.01405  0.002864      0.05        39       640    0.6435    0.6986    0.6583    0.4322   0.03689   0.01188  0.007944
   251/299     10.1G   0.03305   0.01408  0.003004   0.05013        54       640    0.6438    0.6995    0.6585    0.4321   0.03688   0.01189  0.007952
   252/299     10.1G    0.0328   0.01398  0.002953   0.04974        36       640    0.6436    0.6991    0.6584    0.4316   0.03689   0.01189  0.007955
   253/299     10.1G   0.03292   0.01395  0.002869   0.04974        37       640    0.6419    0.6998    0.6581    0.4315    0.0369    0.0119  0.007978
   254/299     10.1G   0.03294   0.01414  0.002956   0.05004        52       640    0.6364    0.7067    0.6576    0.4318    0.0369   0.01191  0.007992
   255/299     10.1G   0.03295     0.014  0.002876   0.04982        40       640    0.6561    0.6841    0.6575    0.4316   0.03692   0.01191  0.007999
   256/299     10.1G   0.03281   0.01398  0.002852   0.04964        37       640    0.6595    0.6807    0.6574    0.4313   0.03693   0.01192  0.007994
   257/299     10.1G   0.03298   0.01403  0.002844   0.04985        39       640    0.6418    0.7014    0.6569    0.4313   0.03694   0.01192  0.007999
   258/299     10.1G   0.03289    0.0142  0.002835   0.04993        62       640    0.6446    0.6996     0.657    0.4314   0.03695   0.01193   0.00801
   259/299     10.1G   0.03313   0.01403  0.002814   0.04998        36       640    0.6483    0.6949     0.657    0.4314   0.03696   0.01193   0.00801
   260/299     10.1G   0.03291     0.014  0.002808   0.04972        35       640    0.6507    0.6919     0.657    0.4309   0.03696   0.01194  0.008012
   261/299     10.1G   0.03299   0.01407  0.002741   0.04981        42       640    0.6471     0.696     0.657     0.431   0.03696   0.01194  0.008002
   262/299     10.1G   0.03295   0.01406  0.002842   0.04984        51       640    0.6455    0.6987     0.657    0.4309   0.03697   0.01194  0.008021
   263/299     10.1G   0.03282   0.01401  0.002778   0.04962        47       640    0.6451    0.6992    0.6569    0.4305   0.03698   0.01195  0.008029
   264/299     10.1G   0.03282   0.01392  0.002848   0.04958        34       640    0.6467    0.6975    0.6566    0.4302   0.03699   0.01195  0.008037
   265/299     10.1G   0.03299   0.01398  0.002793   0.04976        43       640    0.6499    0.6942    0.6566    0.4302     0.037   0.01196  0.008049
   266/299     10.1G   0.03296   0.01395  0.002768   0.04968        45       640    0.6443    0.7005    0.6563    0.4301   0.03701   0.01197  0.008051
   267/299     10.1G   0.03266   0.01407  0.002731   0.04946        54       640    0.6424    0.7029    0.6559    0.4298   0.03701   0.01197  0.008043
   268/299     10.1G   0.03264   0.01391   0.00259   0.04914        41       640    0.6429     0.702    0.6557    0.4298   0.03702   0.01198  0.008032
   269/299     10.1G   0.03285   0.01404  0.002813   0.04971        43       640    0.6439    0.7004    0.6556    0.4297   0.03703   0.01198  0.008032
   270/299     10.1G    0.0327   0.01394  0.002759    0.0494        35       640     0.643    0.7014    0.6556    0.4294   0.03704   0.01199  0.008035
   271/299     10.1G   0.03272   0.01387  0.002743   0.04934        65       640    0.6417    0.7028    0.6555    0.4292   0.03705   0.01199  0.008049
   272/299     10.1G   0.03263   0.01391  0.002715   0.04926        43       640    0.6462    0.6977    0.6557    0.4288   0.03706   0.01199  0.008055
   273/299     10.1G   0.03258   0.01394  0.002746   0.04927        30       640    0.6436    0.6988    0.6553    0.4289   0.03707     0.012  0.008053
   274/299     10.1G   0.03279   0.01396  0.002735   0.04948        42       640    0.6363    0.7072    0.6549    0.4289   0.03708     0.012  0.008062
   275/299     10.1G   0.03257   0.01401  0.002664   0.04924        38       640     0.634    0.7099    0.6549    0.4292   0.03708     0.012  0.008083
   276/299     10.1G   0.03255   0.01395  0.002768   0.04927        34       640    0.6411    0.7012    0.6546     0.429   0.03709   0.01201  0.008102
   277/299     10.1G    0.0326   0.01382  0.002687    0.0491        39       640    0.6367    0.7075    0.6549    0.4291    0.0371   0.01201  0.008116
   278/299     10.1G   0.03257   0.01383  0.002594   0.04899        40       640    0.6391    0.7037    0.6548    0.4288   0.03711   0.01202  0.008134
   279/299     10.1G   0.03242   0.01388  0.002724   0.04902        38       640    0.6381    0.7057    0.6548    0.4286   0.03712   0.01202  0.008141
   280/299     10.1G   0.03282   0.01381  0.002627   0.04926        55       640    0.6384    0.7044    0.6548    0.4285   0.03713   0.01202   0.00815
   281/299     10.1G   0.03253   0.01391  0.002648   0.04909        40       640    0.6464    0.6937    0.6546    0.4285   0.03714   0.01202  0.008156
   282/299     10.1G   0.03224   0.01374   0.00256   0.04855        33       640    0.6437    0.6974    0.6547    0.4284   0.03714   0.01202  0.008157
   283/299     10.1G   0.03248    0.0139  0.002644   0.04902        42       640    0.6488    0.6904    0.6547    0.4281   0.03715   0.01203  0.008165
   284/299     10.1G   0.03262   0.01385   0.00276   0.04923        52       640    0.6489    0.6903    0.6545    0.4283   0.03716   0.01203  0.008175
   285/299     10.1G   0.03236   0.01381  0.002673   0.04884        30       640    0.6474    0.6914    0.6543    0.4283   0.03717   0.01203  0.008189
   286/299     10.1G   0.03246   0.01388  0.002603   0.04895        40       640    0.6503    0.6884    0.6546    0.4281   0.03718   0.01204  0.008206
   287/299     10.1G   0.03238   0.01383   0.00264   0.04884        38       640    0.6532    0.6852    0.6548    0.4283   0.03719   0.01204  0.008211
   288/299     10.1G    0.0325   0.01383   0.00275   0.04908        37       640    0.6376    0.7035    0.6543    0.4284   0.03719   0.01204   0.00823
   289/299     10.1G   0.03241   0.01367  0.002765   0.04884        35       640    0.6384    0.7025    0.6542    0.4286    0.0372   0.01204  0.008252
   290/299     10.1G    0.0326   0.01398  0.002785   0.04936        47       640    0.6402    0.7003    0.6543    0.4282    0.0372   0.01204  0.008267
   291/299     10.1G   0.03244    0.0138  0.002634   0.04887        38       640    0.6485      0.69    0.6539    0.4282   0.03721   0.01205  0.008278
   292/299     10.1G   0.03255   0.01395  0.002663   0.04916        35       640    0.6478    0.6912    0.6543    0.4284   0.03721   0.01205  0.008283
   293/299     10.1G   0.03239   0.01387  0.002695   0.04895        34       640    0.6406    0.7003    0.6543    0.4283   0.03722   0.01205  0.008289
   294/299     10.1G   0.03239   0.01382  0.002674   0.04888        52       640    0.6373    0.7036    0.6543    0.4288   0.03723   0.01205  0.008297
   295/299     10.1G   0.03228   0.01387  0.002703   0.04886        53       640    0.6418    0.6988     0.654     0.429   0.03724   0.01205   0.00831
   296/299     10.1G   0.03228   0.01382  0.002675   0.04877        34       640    0.6501     0.688    0.6539    0.4289   0.03724   0.01206  0.008324
   297/299     10.1G   0.03235   0.01395  0.002642   0.04894        34       640     0.639    0.7015     0.654    0.4292   0.03724   0.01206  0.008325
   298/299     10.1G   0.03248   0.01387  0.002725   0.04907        32       640    0.6421    0.6991    0.6544    0.4292   0.03724   0.01206  0.008316
   299/299     10.1G   0.03216   0.01381  0.002607   0.04858        30       640    0.6406    0.7005    0.6542    0.4287   0.03724   0.01206  0.008293
